 The logarithm of the determinant of the hessian = -0.248148
 index   name       value      std.dev       1       2       3       4       5       6       7       8       9      10      11      12      13      14      15      16      17      18      19      20      21      22      23      24      25      26      27      28      29      30   
     1   logSdLam -6.8993e-001 1.1321e+000   1.0000
     2   biom     -7.9279e-002 9.6217e-001  -0.3201  1.0000
     3   biom     -7.9279e-002 8.2137e-001  -0.3749  0.8537  1.0000
     4   biom     -7.9279e-002 6.5086e-001  -0.4732  0.6765  0.7924  1.0000
     5   biom     1.1378e-001 6.9695e-001  -0.1024  0.4672  0.5473  0.6907  1.0000
     6   biom     3.0684e-001 7.8172e-001   0.2111  0.2700  0.3163  0.3991  0.7472  1.0000
     7   biom     4.9990e-001 8.9421e-001   0.4490  0.1079  0.1264  0.1595  0.5270  0.8069  1.0000
     8   biom     6.9296e-001 1.0254e+000   0.6223 -0.0177 -0.0207 -0.0262  0.3495  0.6450  0.8552  1.0000
     9   biom     7.8904e-001 1.0968e+000   0.6434 -0.0585 -0.0685 -0.0865  0.2699  0.5532  0.7568  0.8983  1.0000
    10   biom     8.8512e-001 1.1488e+000   0.6729 -0.0958 -0.1122 -0.1416  0.2035  0.4806  0.6817  0.8226  0.9083  1.0000
    11   biom     9.2430e-001 1.2156e+000   0.6510 -0.1038 -0.1215 -0.1534  0.1716  0.4336  0.6244  0.7585  0.8348  0.9168  1.0000
    12   biom     9.6349e-001 1.2677e+000   0.6388 -0.1122 -0.1313 -0.1658  0.1448  0.3961  0.5797  0.7092  0.7778  0.8521  0.9241  1.0000
    13   biom     9.6349e-001 1.3631e+000   0.5940 -0.1043 -0.1221 -0.1542  0.1347  0.3684  0.5391  0.6595  0.7233  0.7924  0.8594  0.9300  1.0000
    14   biom     9.6349e-001 1.4524e+000   0.5576 -0.0979 -0.1147 -0.1448  0.1264  0.3457  0.5060  0.6190  0.6790  0.7438  0.8066  0.8729  0.9386  1.0000
    15   biom     9.6349e-001 1.5365e+000   0.5272 -0.0926 -0.1084 -0.1369  0.1194  0.3268  0.4784  0.5852  0.6419  0.7032  0.7625  0.8252  0.8873  0.9453  1.0000
    16   biomsd   -7.9279e-002 9.6217e-001  -0.3201  1.0000  0.8537  0.6765  0.4672  0.2700  0.1079 -0.0177 -0.0585 -0.0958 -0.1038 -0.1122 -0.1043 -0.0979 -0.0926  1.0000
    17   biomsd   -7.9279e-002 8.2137e-001  -0.3749  0.8537  1.0000  0.7924  0.5473  0.3163  0.1264 -0.0207 -0.0685 -0.1122 -0.1215 -0.1313 -0.1221 -0.1147 -0.1084  0.8537  1.0000
    18   biomsd   -7.9279e-002 6.5086e-001  -0.4732  0.6765  0.7924  1.0000  0.6907  0.3991  0.1595 -0.0262 -0.0865 -0.1416 -0.1534 -0.1658 -0.1542 -0.1448 -0.1369  0.6765  0.7924  1.0000
    19   biomsd   1.1378e-001 6.9695e-001  -0.1024  0.4672  0.5473  0.6907  1.0000  0.7472  0.5270  0.3495  0.2699  0.2035  0.1716  0.1448  0.1347  0.1264  0.1194  0.4672  0.5473  0.6907  1.0000
    20   biomsd   3.0684e-001 7.8172e-001   0.2111  0.2700  0.3163  0.3991  0.7472  1.0000  0.8069  0.6450  0.5532  0.4806  0.4336  0.3961  0.3684  0.3457  0.3268  0.2700  0.3163  0.3991  0.7472  1.0000
    21   biomsd   4.9990e-001 8.9421e-001   0.4490  0.1079  0.1264  0.1595  0.5270  0.8069  1.0000  0.8552  0.7568  0.6817  0.6244  0.5797  0.5391  0.5060  0.4784  0.1079  0.1264  0.1595  0.5270  0.8069  1.0000
    22   biomsd   6.9296e-001 1.0254e+000   0.6223 -0.0177 -0.0207 -0.0262  0.3495  0.6450  0.8552  1.0000  0.8983  0.8226  0.7585  0.7092  0.6595  0.6190  0.5852 -0.0177 -0.0207 -0.0262  0.3495  0.6450  0.8552  1.0000
    23   biomsd   7.8904e-001 1.0968e+000   0.6434 -0.0585 -0.0685 -0.0865  0.2699  0.5532  0.7568  0.8983  1.0000  0.9083  0.8348  0.7778  0.7233  0.6790  0.6419 -0.0585 -0.0685 -0.0865  0.2699  0.5532  0.7568  0.8983  1.0000
    24   biomsd   8.8512e-001 1.1488e+000   0.6729 -0.0958 -0.1122 -0.1416  0.2035  0.4806  0.6817  0.8226  0.9083  1.0000  0.9168  0.8521  0.7924  0.7438  0.7032 -0.0958 -0.1122 -0.1416  0.2035  0.4806  0.6817  0.8226  0.9083  1.0000
    25   biomsd   9.2430e-001 1.2156e+000   0.6510 -0.1038 -0.1215 -0.1534  0.1716  0.4336  0.6244  0.7585  0.8348  0.9168  1.0000  0.9241  0.8594  0.8066  0.7625 -0.1038 -0.1215 -0.1534  0.1716  0.4336  0.6244  0.7585  0.8348  0.9168  1.0000
    26   biomsd   9.6349e-001 1.2677e+000   0.6388 -0.1122 -0.1313 -0.1658  0.1448  0.3961  0.5797  0.7092  0.7778  0.8521  0.9241  1.0000  0.9300  0.8729  0.8252 -0.1122 -0.1313 -0.1658  0.1448  0.3961  0.5797  0.7092  0.7778  0.8521  0.9241  1.0000
    27   biomsd   9.6349e-001 1.3631e+000   0.5940 -0.1043 -0.1221 -0.1542  0.1347  0.3684  0.5391  0.6595  0.7233  0.7924  0.8594  0.9300  1.0000  0.9386  0.8873 -0.1043 -0.1221 -0.1542  0.1347  0.3684  0.5391  0.6595  0.7233  0.7924  0.8594  0.9300  1.0000
    28   biomsd   9.6349e-001 1.4524e+000   0.5576 -0.0979 -0.1147 -0.1448  0.1264  0.3457  0.5060  0.6190  0.6790  0.7438  0.8066  0.8729  0.9386  1.0000  0.9453 -0.0979 -0.1147 -0.1448  0.1264  0.3457  0.5060  0.6190  0.6790  0.7438  0.8066  0.8729  0.9386  1.0000
    29   biomsd   9.6349e-001 1.5365e+000   0.5272 -0.0926 -0.1084 -0.1369  0.1194  0.3268  0.4784  0.5852  0.6419  0.7032  0.7625  0.8252  0.8873  0.9453  1.0000 -0.0926 -0.1084 -0.1369  0.1194  0.3268  0.4784  0.5852  0.6419  0.7032  0.7625  0.8252  0.8873  0.9453  1.0000
    30   biomA    9.2378e-001 8.8884e-001  -0.3201  1.0000  0.8537  0.6765  0.4672  0.2700  0.1079 -0.0177 -0.0585 -0.0958 -0.1038 -0.1122 -0.1043 -0.0979 -0.0926  1.0000  0.8537  0.6765  0.4672  0.2700  0.1079 -0.0177 -0.0585 -0.0958 -0.1038 -0.1122 -0.1043 -0.0979 -0.0926  1.0000
    31   biomA    9.2378e-001 7.5876e-001  -0.3749  0.8537  1.0000  0.7924  0.5473  0.3163  0.1264 -0.0207 -0.0685 -0.1122 -0.1215 -0.1313 -0.1221 -0.1147 -0.1084  0.8537  1.0000  0.7924  0.5473  0.3163  0.1264 -0.0207 -0.0685 -0.1122 -0.1215 -0.1313 -0.1221 -0.1147 -0.1084  0.8537  1.0000
    32   biomA    9.2378e-001 6.0125e-001  -0.4732  0.6765  0.7924  1.0000  0.6907  0.3991  0.1595 -0.0262 -0.0865 -0.1416 -0.1534 -0.1658 -0.1542 -0.1448 -0.1369  0.6765  0.7924  1.0000  0.6907  0.3991  0.1595 -0.0262 -0.0865 -0.1416 -0.1534 -0.1658 -0.1542 -0.1448 -0.1369  0.6765  0.7924  1.0000
    33   biomA    1.1205e+000 7.8093e-001  -0.1024  0.4672  0.5473  0.6907  1.0000  0.7472  0.5270  0.3495  0.2699  0.2035  0.1716  0.1448  0.1347  0.1264  0.1194  0.4672  0.5473  0.6907  1.0000  0.7472  0.5270  0.3495  0.2699  0.2035  0.1716  0.1448  0.1347  0.1264  0.1194  0.4672  0.5473  0.6907  1.0000
    34   biomA    1.3591e+000 1.0625e+000   0.2111  0.2700  0.3163  0.3991  0.7472  1.0000  0.8069  0.6450  0.5532  0.4806  0.4336  0.3961  0.3684  0.3457  0.3268  0.2700  0.3163  0.3991  0.7472  1.0000  0.8069  0.6450  0.5532  0.4806  0.4336  0.3961  0.3684  0.3457  0.3268  0.2700  0.3163  0.3991  0.7472  1.0000
    35   biomA    1.6486e+000 1.4742e+000   0.4490  0.1079  0.1264  0.1595  0.5270  0.8069  1.0000  0.8552  0.7568  0.6817  0.6244  0.5797  0.5391  0.5060  0.4784  0.1079  0.1264  0.1595  0.5270  0.8069  1.0000  0.8552  0.7568  0.6817  0.6244  0.5797  0.5391  0.5060  0.4784  0.1079  0.1264  0.1595  0.5270  0.8069  1.0000
    36   biomA    1.9996e+000 2.0504e+000   0.6223 -0.0177 -0.0207 -0.0262  0.3495  0.6450  0.8552  1.0000  0.8983  0.8226  0.7585  0.7092  0.6595  0.6190  0.5852 -0.0177 -0.0207 -0.0262  0.3495  0.6450  0.8552  1.0000  0.8983  0.8226  0.7585  0.7092  0.6595  0.6190  0.5852 -0.0177 -0.0207 -0.0262  0.3495  0.6450  0.8552  1.0000
    37   biomA    2.2013e+000 2.4144e+000   0.6434 -0.0585 -0.0685 -0.0865  0.2699  0.5532  0.7568  0.8983  1.0000  0.9083  0.8348  0.7778  0.7233  0.6790  0.6419 -0.0585 -0.0685 -0.0865  0.2699  0.5532  0.7568  0.8983  1.0000  0.9083  0.8348  0.7778  0.7233  0.6790  0.6419 -0.0585 -0.0685 -0.0865  0.2699  0.5532  0.7568  0.8983  1.0000
    38   biomA    2.4233e+000 2.7838e+000   0.6729 -0.0958 -0.1122 -0.1416  0.2035  0.4806  0.6817  0.8226  0.9083  1.0000  0.9168  0.8521  0.7924  0.7438  0.7032 -0.0958 -0.1122 -0.1416  0.2035  0.4806  0.6817  0.8226  0.9083  1.0000  0.9168  0.8521  0.7924  0.7438  0.7032 -0.0958 -0.1122 -0.1416  0.2035  0.4806  0.6817  0.8226  0.9083  1.0000
    39   biomA    2.5201e+000 3.0634e+000   0.6510 -0.1038 -0.1215 -0.1534  0.1716  0.4336  0.6244  0.7585  0.8348  0.9168  1.0000  0.9241  0.8594  0.8066  0.7625 -0.1038 -0.1215 -0.1534  0.1716  0.4336  0.6244  0.7585  0.8348  0.9168  1.0000  0.9241  0.8594  0.8066  0.7625 -0.1038 -0.1215 -0.1534  0.1716  0.4336  0.6244  0.7585  0.8348  0.9168  1.0000
    40   biomA    2.6208e+000 3.3224e+000   0.6388 -0.1122 -0.1313 -0.1658  0.1448  0.3961  0.5797  0.7092  0.7778  0.8521  0.9241  1.0000  0.9300  0.8729  0.8252 -0.1122 -0.1313 -0.1658  0.1448  0.3961  0.5797  0.7092  0.7778  0.8521  0.9241  1.0000  0.9300  0.8729  0.8252 -0.1122 -0.1313 -0.1658  0.1448  0.3961  0.5797  0.7092  0.7778  0.8521  0.9241  1.0000
    41   biomA    2.6208e+000 3.5724e+000   0.5940 -0.1043 -0.1221 -0.1542  0.1347  0.3684  0.5391  0.6595  0.7233  0.7924  0.8594  0.9300  1.0000  0.9386  0.8873 -0.1043 -0.1221 -0.1542  0.1347  0.3684  0.5391  0.6595  0.7233  0.7924  0.8594  0.9300  1.0000  0.9386  0.8873 -0.1043 -0.1221 -0.1542  0.1347  0.3684  0.5391  0.6595  0.7233  0.7924  0.8594  0.9300  1.0000
    42   biomA    2.6208e+000 3.8064e+000   0.5576 -0.0979 -0.1147 -0.1448  0.1264  0.3457  0.5060  0.6190  0.6790  0.7438  0.8066  0.8729  0.9386  1.0000  0.9453 -0.0979 -0.1147 -0.1448  0.1264  0.3457  0.5060  0.6190  0.6790  0.7438  0.8066  0.8729  0.9386  1.0000  0.9453 -0.0979 -0.1147 -0.1448  0.1264  0.3457  0.5060  0.6190  0.6790  0.7438  0.8066  0.8729  0.9386  1.0000
    43   biomA    2.6208e+000 4.0268e+000   0.5272 -0.0926 -0.1084 -0.1369  0.1194  0.3268  0.4784  0.5852  0.6419  0.7032  0.7625  0.8252  0.8873  0.9453  1.0000 -0.0926 -0.1084 -0.1369  0.1194  0.3268  0.4784  0.5852  0.6419  0.7032  0.7625  0.8252  0.8873  0.9453  1.0000 -0.0926 -0.1084 -0.1369  0.1194  0.3268  0.4784  0.5852  0.6419  0.7032  0.7625  0.8252  0.8873  0.9453  1.0000
    44   Like     5.7197e+000 0.0000e+000   0.0000  0.0000  0.0000  0.0000  0.0000  0.0000  0.0000  0.0000  0.0000  0.0000  0.0000  0.0000  0.0000  0.0000  0.0000  0.0000  0.0000  0.0000  0.0000  0.0000  0.0000  0.0000  0.0000  0.0000  0.0000  0.0000  0.0000  0.0000  0.0000  0.0000  0.0000  0.0000  0.0000  0.0000  0.0000  0.0000  0.0000  0.0000  0.0000  0.0000  0.0000  0.0000  0.0000  0.0000
