    unsorted:	 22.32009220
      sorted:	 22.32009220
